0,516
0,515
0,514
0,513
0,512
0,511
0,510
0,509
0,508
0,507
0,506
0,505
0,504
0,503
0,502
0,501
0,500
0,499
0,498
0,497
0,496
0,495
0,494
0,493
0,492
0,491
0,490
0,489
0,488
0,472
3,2
3,1
3,3
10,169
10,67
10,281
10,15
10,13
10,239
10,217
10,219
10,2
10,3
9,7
9,5
9,2
9,3
8,13
8,4
8,11
8,9
8,5
8,2
8,3
65,5
65,4
65,3
65,2
65,1
65,0
40,4
40,3
40,2
40,1
40,0
37,4
37,3
37,2
37,1
37,0
36,4
36,3
36,2
36,1
36,0
34,4
34,3
34,2
34,1
34,0
33,4
33,3
33,2
33,1
33,0
32,4
32,3
32,2
32,1
32,0
29,4
29,3
29,2
29,1
28,4
28,3
28,1
27,4
27,3
27,1
20,3
20,2
20,1
19,3
19,2
19,1
12,3
12,2
12,1
11,30
11,29
11,28
11,27
11,26
